[0, -126, -126, 30, 0, 0, 0, 0, 126, 126, -62, 0, 126, 0, -126, 126, 0, 0, 126, 0, 126, 0, -126, -62, -126, -126, 0, -126, 0, -126, 126, -112, 126, -126, 0, 0, 126, 0, -126, -126, -126, -126, 0, 62, 0, 0, 126, 64, 126, 126, -126, 0, -126, -126, 0, -64, -126, 0, 0, 14, 0, 126, -126, 126]
[90, 98, -48, 22, 0, 38, 22, 112, 56, -78, -30, 88, 72, -126, -126, 66, -126, -30, 14, -96, 64, -112, -64, -6, -88, 0, 24, -46, -32, 6, 96, -30, -120, 62, 78, -38, 120, -30, 40, -6, -96, 38, 56, -94, -14, 112, -88, -40, -56, 14, -56, 46, -126, 64, -64, -46, -6, -64, -14, -88, 48, 110, 6, -126]
[-126, 0, 62, 70, -126, 78, -96, -60, 126, -62, 64, 48, 0, -126, -26, -114, 126, -126, -126, -102, 126, -88, 60, 14, -126, 126, 0, -70, 0, 0, 64, 32, 126, 0, 64, -96, 0, 64, 62, 96, -126, 0, 0, -102, 126, -126, -62, -80, -126, 0, 0, -14, 126, -126, 30, -78, -126, 62, 0, 30, -126, 0, -32, 94]
[-126, 64, -96, -50, 126, 0, 0, 44, 126, -126, 0, -24, -126, -126, 40, -102, 126, -96, 126, 102, -126, -6, -60, -64, -126, 30, 126, 0, 126, 0, 0, 0, 0, 0, -6, -30, -126, 126, 126, -78, 126, 126, 0, -14, -126, 126, 62, -64, 0, 0, 0, -64, 0, -126, -6, 16, 0, 88, 126, -64, -126, 64, 2, -64]
[0, -126, -64, -108, 0, 62, 62, 96, 126, 0, 126, -64, 0, 0, 80, 0, -126, 0, 126, 12, 126, -64, -126, -30, -126, -126, -126, 0, -126, 0, 0, 88, 0, 126, 0, 22, -126, 126, 0, 126, -126, 0, -126, -14, 0, 126, 0, -78, 126, 0, -126, -96, 0, 0, 0, 16, -126, 0, 0, -70, 0, 0, -126, 0]
[0, 0, -96, -82, 126, -64, -64, 34, 0, 126, 64, 14, -126, -62, 86, 0, -126, -126, 0, 14, -126, 62, 96, -16, 126, 0, 0, -126, 126, 0, 0, 64, -126, 0, -64, -24, 0, 0, 0, -62, -126, 126, -126, 16, -126, 0, -30, -78, 126, 0, 0, -62, -126, -64, 64, 46, -64, 96, -64, -78, -126, 0, -126, 64]
[-30, -56, 62, -8, -96, 120, 70, 116, 120, -100, -72, -86, -70, 72, 64, 2, 120, 56, -2, 96, 6, -6, -24, -38, -120, 94, 0, 78, 6, -122, -62, -112, 6, 62, 110, 40, 58, 88, 70, 70, 120, 6, 104, 30, -126, 96, -62, -102, -126, -96, -6, 40, 126, 62, 112, -14, -112, -62, 120, 14, 0, 64, -110, 62]
[30, 38, 112, 6, 62, 88, 96, 2, 30, 104, -50, -126, -126, -98, -26, -122, 64, 50, -112, 40, -28, 102, 36, 82, 126, -120, 96, -76, -126, -102, 82, 118, -126, -126, -96, -24, -126, -64, -16, -64, -96, -62, 38, 64, 64, 72, 56, 62, -64, -102, 0, -6, 126, -30, -80, -64, -126, 62, -96, 64, 126, 96, -54, -102]
[82, 12, 34, 30, 12, 124, 96, 0, 64, 78, 66, 124, 46, 16, 2, 64, 78, 108, 120, 96, 102, 0, 106, 10, 76, 30, 96, 88, 70, 48, 26, 82, 34, 12, 90, 46, 108, 104, 124, 16, 124, 82, 60, 118, 30, 104, 72, 18, 126, 58, 8, 62, 44, 70, 112, 12, 76, 72, 82, 126, 82, 64, 126, 118]
[78, -78, 0, 96, -16, -62, -14, -30, -112, 112, 92, -40, 120, -56, 56, -112, 84, -48, 0, -48, 92, 0, 32, 0, -68, 64, -70, -12, 0, -48, 0, 102, 28, -102, 36, 76, -6, 0, -50, -2, -112, 56, -22, 48, 40, -8, -96, 78, 66, 28, -104, 0, -120, 0, -18, -108, 0, -62, 116, 112, 124, -14, 118, 8]
[88, -110, -68, -6, 0, -126, -2, -48, 48, -24, -62, 126, -100, 34, -126, 28, -96, 44, 126, 126, -62, 6, -112, -66, 92, -126, -102, 78, -120, 46, -18, 28, -30, -98, -64, -96, -92, 8, -66, -80, 28, -96, -38, -112, -14, 72, 52, 4, 102, -16, 106, -96, 110, -20, -22, 14, 10, -120, -54, -48, -48, -46, 10, -102]
[-24, -98, 56, -66, -126, -8, -6, 38, -112, 14, -76, 82, 24, 54, -34, -14, 2, -48, 72, 94, -114, 30, 56, 0, 0, -86, -78, 48, 84, 6, -118, -44, -94, -54, 24, 6, 28, -58, -22, 118, -46, 66, -50, 50, -126, -126, -62, -70, 106, 64, 54, 126, 44, 98, -78, 48, 28, 16, -54, 6, 28, -94, 96, -104]
[-72, -24, -124, -24, 34, 98, 78, 126, 80, 54, -60, 18, -38, 64, 84, -56, -108, -12, -86, 28, 62, 32, 2, -96, -72, 0, 56, -24, -86, -56, -28, 86, -92, -112, 80, -44, -14, 56, -26, 102, 36, 14, 104, 80, -4, -62, 0, 48, -46, -126, 54, 38, -50, -116, 102, 0, 2, -126, 48, 30, 110, -94, -38, 22]
[54, 38, 96, 54, 120, 60, 34, 64, 88, 30, 36, 112, 120, 2, 62, 76, 62, 44, 82, 6, 122, 18, 0, 26, 48, 30, 112, 8, 6, 0, 64, 64, 26, 12, 82, 58, 30, 58, 36, 74, 112, 58, 52, 12, 78, 20, 64, 0, 40, 0, 30, 122, 100, 82, 42, 68, 104, 88, 2, 118, 10, 90, 20, 110]
[24, 30, -22, 14, -24, -102, 10, -112, -2, 124, -102, -36, -24, 78, 74, -12, 62, 0, 0, 102, -120, -62, 64, -14, -8, 48, -88, 0, -72, 102, 0, 0, 88, -112, 48, 16, 110, 30, -126, 24, -96, 96, -64, -102, 6, -62, -102, -94, -12, -122, 50, 68, -68, 24, 4, -92, -110, -24, 102, 126, 56, 0, -78, 0]
[64, -30, -102, -78, 30, 24, 112, -120, -8, 98, 98, -64, -94, 62, -32, -12, 70, 76, 20, 0, 46, 36, 112, -112, -30, 78, -2, 14, -98, 0, 74, 82, 76, -86, 78, -6, -18, -70, 64, 126, -42, 92, -64, -126, -76, 82, 126, 70, 110, -102, 0, -30, 86, 118, 52, -64, -48, 56, 6, -40, -62, 72, -36, -38]
[-114, 26, -104, -78, -28, -122, -88, 118, 52, 56, -64, -38, -60, 0, -126, 66, -96, 96, -8, -62, -48, -62, -72, 30, 62, 78, -110, 0, -80, 48, -16, 0, -112, -30, -96, -78, 0, 46, 30, 126, 102, -80, -8, 64, 30, 62, -120, -78, 0, 126, -40, -126, -54, 14, 112, -96, -78, 62, -112, 0, 6, -30, -24, -112]
[16, 66, 60, 8, 8, 66, 96, 32, 48, 96, 42, 0, 58, 126, 48, 32, 32, 12, 86, 6, 22, 100, 0, 88, 80, 24, 112, 94, 54, 36, 16, 12, 10, 8, 100, 72, 2, 16, 30, 114, 106, 110, 56, 0, 88, 8, 2, 62, 62, 70, 104, 78, 16, 30, 88, 30, 50, 6, 20, 70, 112, 110, 96, 18]
[-48, -64, 8, -78, 104, -106, 120, -2, 90, -54, -46, 30, 44, 120, -24, 56, -54, -100, 48, -126, 82, -114, 64, -48, 126, -8, -56, 44, 48, 126, 0, 50, 0, -112, -38, 48, 0, -48, -110, 0, 110, -48, -86, -78, 14, 32, 24, 78, 30, 48, 112, 126, -32, 112, 46, 0, 8, -30, 54, 110, 120, -126, 88, 30]
[-126, 0, -126, -126, 0, 0, -126, -126, 0, 0, -126, -126, 0, -126, -126, 0, 0, -126, -126, 0, 0, -126, 0, 0, -126, -126, 0, 0, -126, -126, -126, 0, -126, 0, -126, -126, 0, 0, -126, -126, 0, 0, -126, -126, 0, -126, -126, 0, 0, -126, -126, 0, 0, -126, 0, 0, -126, -126, 0, 0, -126, -126, -126, 0]
[-126, -126, -126, -126, -126, -126, -126, -126, -126, -126, -126, -126, -126, -126, -126, -126, -126, -126, -126, -126, -126, -126, -126, -126, -126, -126, -126, -126, -126, -126, -126, -126, -126, -126, -126, -126, -126, -126, -126, -126, -126, -126, -126, -126, -126, -126, -126, -126, -126, -126, -126, -126, -126, -126, -126, -126, -126, -126, -126, -126, -126, -126, -126, -126]
[-126, -126, -126, -126, -126, -126, -126, -126, -126, -126, -126, -126, -126, -126, -126, -126, -126, -126, -126, -126, -126, -126, -126, -126, -126, -126, -126, -126, -126, -126, -126, -126, -126, -126, -126, -126, -126, -126, -126, -126, -126, -126, -126, -126, -126, -126, -126, -126, -126, -126, -126, -126, -126, -126, -126, -126, -126, -126, -126, -126, -126, -126, -126, -126]
[-254, -254, -254, -254, -254, -254, -254, -254, -254, -254, -254, -254, -254, -254, -254, -254, -254, -254, -254, -254, -254, -254, -254, -254, -254, -254, -254, -254, -254, -254, -254, -254, -254, -254, -254, -254, -254, -254, -254, -254, -254, -254, -254, -254, -254, -254, -254, -254, -254, -254, -254, -254, -254, -254, -254, -254, -254, -254, -254, -254, -254, -254, -254, -254]
[-254, -254, -254, -254, -254, -254, -254, -254, -254, -254, -254, -254, -254, -254, -254, -254, -254, -254, -254, -254, -254, -254, -254, -254, -254, -254, -254, -254, -254, -254, -254, -254, -254, -254, -254, -254, -254, -254, -254, -254, -254, -254, -254, -254, -254, -254, -254, -254, -254, -254, -254, -254, -254, -254, -254, -254, -254, -254, -254, -254, -254, -254, -254, -254]
[-254, -254, -254, -254, -254, -254, -254, -254, -254, -254, -254, -254, -254, -254, -254, -254, -254, -254, -254, -254, -254, -254, -254, -254, -254, -254, -254, -254, -254, -254, -254, -254, -254, -254, -254, -254, -254, -254, -254, -254, -254, -254, -254, -254, -254, -254, -254, -254, -254, -254, -254, -254, -254, -254, -254, -254, -254, -254, -254, -254, -254, -254, -254, -254]
[-254, -254, -254, -254, -254, -254, -254, -254, -254, -254, -254, -254, -254, -254, -254, -254, -254, -254, 0, -254, -254, -254, -254, -254, -254, -254, -254, -254, -254, -254, -254, -254, -254, -254, -254, -254, -254, -254, -254, -254, -254, -254, -254, -254, -254, -254, -254, -254, -254, -254, -254, -254, -254, -254, -254, -254, -254, -254, -254, -254, -254, -254, -254, -254]
[-254, -244, -158, -254, -254, -254, -246, -222, -254, -240, -254, -242, -254, -254, -254, -254, -254, -254, -254, -254, -254, -254, -254, -254, -254, -254, -254, -254, -254, -254, -254, -230, -254, -254, -254, -254, -254, -254, -254, -254, -254, -254, -254, -254, -190, -158, -254, -246, -230, -254, -254, -254, -254, -254, -254, -254, -254, -254, -254, -190, -254, -222, -254, -254]
[-248, 64, -190, -254, -254, -240, -190, -254, -224, 64, -238, -142, -226, -198, -254, -254, -254, -254, -62, -250, -254, -254, -190, -158, -240, -254, -254, -254, -254, -254, -254, -190, -190, -254, -230, -248, -190, -254, -254, -238, -254, -240, -254, -254, -228, -252, -254, -190, -180, -254, -224, -254, -198, -190, -254, -254, -248, -250, -254, -254, -158, -62, -248, -254]
[0, -190, -222, -254, -254, 0, -198, -254, 14, -192, -254, -158, -240, -206, -254, -254, -254, -254, -62, -254, -254, -254, -206, -158, 0, -254, -254, -254, -254, -254, -254, -190, -206, -254, -238, 0, -214, -254, -254, -250, -254, 0, -254, -254, 16, 0, -254, -206, 64, -254, 16, -254, -228, -206, -254, -254, 0, -254, -254, -254, -158, -126, 0, -254]
[-224, -158, -190, -254, -254, -224, -158, -254, 52, 96, -230, -126, 48, -188, -240, -254, -254, -254, -62, -230, -248, -254, -176, -142, -224, -248, -254, -226, -254, -252, -252, -158, -166, -254, -208, -240, -158, -254, -240, -224, -254, -224, -254, -254, -206, -222, -254, -176, -126, -254, -190, -254, 64, -174, -238, -250, -230, -230, -240, -230, -126, -62, -220, -254]
[30, -134, -158, -248, -254, 56, -150, -248, -192, -132, -216, -110, -182, 96, 20, -248, -240, -254, -30, -224, 24, -254, 104, -118, 40, 14, -254, -198, -250, 14, 24, -134, -142, -254, 64, 30, -134, -254, 34, 62, -254, 56, -254, -254, -188, -198, -254, 96, -126, -242, -188, -248, -158, -158, -212, -240, -220, -206, 26, -206, -62, -30, 56, -254]
[6, -62, -78, 0, -126, -112, -62, 0, 30, 66, 6, -14, -100, -70, -126, 0, 0, -126, -62, 2, -126, -126, -62, -30, -120, 0, -126, -124, -126, 0, -126, -62, -62, -126, -102, 12, -62, -126, 0, 14, -126, -112, -126, -126, 30, -118, -126, -62, -30, -126, 24, 0, -78, -70, 0, 0, 2, -124, 0, -126, -30, -62, -114, -126]
[30, -14, -60, -120, -126, 48, -14, -124, 66, 0, 38, -62, 64, -30, -112, -124, -118, -126, -28, 28, -102, -126, -30, -126, 34, -112, -126, 48, -124, -112, -108, -14, -30, -126, -68, -96, -14, -126, -112, 48, -126, 48, -126, -126, 66, -78, -126, -30, -126, -124, -62, -126, -30, -30, -98, -112, 32, 34, -104, -96, -124, -62, -78, -126]
[0, -62, 32, 0, -126, -118, -70, 0, 24, -64, 4, -30, -112, -78, 0, 0, -126, -126, -62, 0, -126, -126, -62, -30, 0, 0, -126, -126, 0, 0, 0, -62, -78, -126, 14, 6, -70, -126, 0, -126, -126, -118, -126, -126, 14, -124, -126, -62, -46, 0, -112, -126, -88, -78, -126, 0, -126, 0, 0, 0, 78, -62, -124, -126]
[-126, -70, -102, -126, -126, -126, -70, -126, -112, 56, -126, -30, 14, -78, -126, -126, -126, -126, -62, -126, -126, -126, -62, -30, -126, -126, -126, -126, -126, -126, -126, -62, -70, -126, 24, 0, -62, -126, -126, -124, -126, -124, -126, -126, 16, 0, -126, -78, -54, -126, 14, -126, 28, -92, -126, -126, -126, -126, -126, -126, 96, -62, 0, -126]
[-126, -62, -94, -126, -126, -124, -70, -126, 28, -60, -126, -28, 24, -70, -126, -126, -126, -126, -62, -126, -126, -126, -62, -30, -124, -126, -126, -126, -126, -126, -126, -66, -62, -126, -112, -124, -62, -126, -126, 2, -126, 2, -126, -126, -102, -118, -126, -62, -30, -126, 18, -126, -94, 46, -126, -126, -126, -126, -126, -126, -30, -62, -126, -126]
[-126, -78, -114, -126, -126, 0, -78, -126, -120, 38, -126, 64, -118, -102, -126, -126, -126, -126, -62, -126, -126, -126, -78, -62, 0, -126, -126, -126, -126, -126, -126, -78, -62, -126, 0, 0, -78, -126, -126, 0, -126, 0, -126, -126, -126, -126, -126, -96, -62, -126, 2, -126, -108, 24, -126, -126, -126, -126, -126, -126, -62, -62, -126, -126]
[-94, -126, -124, -126, -120, -110, -126, -126, 0, 0, -126, -126, -94, -62, -126, -126, -126, -62, -116, -126, -126, -126, -92, -126, -120, -78, -126, -30, -120, -94, -126, -126, -126, -126, -62, -126, -126, -126, -94, -62, -126, -126, -126, -126, -126, -126, -126, 48, -96, -126, 2, -126, 36, -126, -126, -126, -126, -126, -126, -126, -118, -126, -126, -94]
[-30, -126, 14, -126, -96, -78, 0, -126, 0, -126, -126, -126, 96, -62, -126, -126, -126, -126, 64, -126, -126, -126, 0, -126, 62, -126, -112, -62, 32, -14, -126, -126, -126, -126, -126, -126, -126, -126, -126, -62, -120, -126, -126, -126, -126, -126, -126, -126, 112, -126, 30, -126, -14, -126, -126, -110, -126, -126, -126, -126, -72, -126, -126, -14]
[-926, -1022, -240, -1022, -222, -974, -1022, -1022, 6, -1022, 0, -1022, -926, -830, -1022, -1022, -1022, -894, -958, -1022, -1022, -1008, -894, -1022, 566, -896, 512, -824, -974, -926, -1022, -1022, -1022, -1022, -638, -1022, -1022, -1022, -894, -830, 518, -1022, -1022, -1022, -1022, -1022, -1022, -894, -894, -1022, 542, -1016, -894, -1022, -1022, -1008, -1022, -1006, -1022, -1022, 550, -1016, -1022, -910]
[-52, -78, -52, -62, -48, -60, -76, -62, -56, -78, -62, -78, -44, -510, -70, -78, -126, -126, 368, -126, -166, -158, -96, -152, -108, -96, -120, -62, -112, -112, -156, -638, -126, -142, -510, -124, -126, -146, -114, -102, -104, -142, -166, -158, -142, -126, -140, -96, -100, -134, -96, -112, -110, -192, -112, -126, -146, -126, -142, -176, -112, 384, -158, -102]
[-990, 960, -46, -96, -984, -962, 926, -768, 10, -56, 6, 30, 936, 962, -1004, -120, 896, -768, 536, 896, 742, 830, -686, 638, -742, 896, -992, -768, -816, -1022, 704, 670, 982, 664, -1022, 926, -608, 768, -798, -752, -928, -974, 1014, -1022, 846, 992, -768, -960, -638, 926, -462, -638, -704, 864, 960, 990, 974, -1022, -910, -736, -736, 984, 966, -966]
[112, -48, 920, 994, -112, -926, 14, -926, 56, 960, -952, 896, -880, 0, -992, 926, -688, 798, -992, -1008, 768, 824, -896, 896, -792, -966, 814, -960, 926, -782, 864, -1022, 846, -864, -600, -928, 926, 992, -800, 688, 976, -878, -1022, 822, 1022, 1022, 960, -864, -1022, 1022, -992, 800, -1022, 824, 960, -992, -872, -896, 1006, -960, -864, -830, 856, -830]
[-960, 60, 0, 902, -1022, 960, 2, 30, 268, -62, 28, 816, 130, -1022, 62, -30, 936, -1022, 896, -1006, 990, -992, -832, -816, -920, 974, -768, -704, -960, 896, -984, 966, 896, 966, -1022, 992, 864, -846, -928, -1022, 1022, 960, 944, -1022, -976, 856, -960, -798, -974, -992, -936, -824, 896, 736, -670, -928, -904, -1022, 904, 910, -1006, -942, -1022, -1022]
[984, 960, 82, 0, -6, -126, 996, 1008, 926, 24, 214, 62, -1008, -994, 14, 1008, -1016, -902, -1016, -1022, 870, 706, -944, -824, -920, -830, -894, -910, 782, 994, -1022, -990, -992, -734, 958, 846, -592, -958, -974, -574, 992, -1022, -984, 992, -1022, 974, 960, 768, 944, 816, -1022, 798, -928, 830, 832, -798, 816, -1008, 902, -958, -966, -960, 944, -928]
[192, 1022, 14, -14, -798, 766, 1022, -960, 984, 30, -270, 754, 62, 62, -10, -830, -752, -30, 992, 992, 256, -798, 0, 992, -1008, 0, -252, 0, -766, -510, -1022, 960, -768, -574, -968, 736, 574, -1006, -254, 768, -760, -448, 912, 0, -798, -960, 926, 902, 830, 782, 0, -904, -830, 830, -254, -510, 896, -768, 630, -1016, 934, 782, 574, -638]
[384, 0, 152, 0, 390, -384, -126, -510, 248, 256, -40, -262, -248, 256, 280, 454, 256, 398, -448, 462, -318, 126, -56, -60, 0, 256, 100, 110, 288, 496, 142, -126, -78, 0, 0, 48, -398, 120, 0, 112, 240, 0, 112, 256, 96, 254, 272, -238, -118, 48, 448, 30, -384, -14, 0, 270, 358, -30, -126, 0, -398, -30, -240, 248]
[-422, -96, -254, 6, 30, -14, -334, 48, 30, -126, -12, -30, -28, -448, 504, -482, -102, 112, -448, 60, 386, 414, -110, -102, -86, -142, 392, -126, 484, -450, -432, 496, -476, 48, 432, 352, -426, 96, 504, 510, 30, -384, 0, 0, -86, -480, 28, -62, -206, 14, 120, -16, 62, -206, 48, -126, 126, 286, 150, 126, 0, 224, 270, 126]
[-128, 194, -230, 96, 14, -128, -220, -224, 166, 206, 198, 192, -128, -176, 96, 30, -230, 78, -192, 224, 224, -248, -142, -120, 74, -126, 56, -152, 156, 192, -30, -240, -206, -14, 102, -192, 224, 196, -208, -128, -28, -216, -172, -206, -62, -230, 14, -62, -56, 62, -176, 62, 158, -14, -8, -24, 176, 112, 38, 158, -232, -192, 192, 0]
[30, 86, 0, 6, 102, -80, 70, 126, -14, -18, 62, 24, 12, 64, -26, -30, 72, 0, -14, -30, 98, 30, 100, 126, 38, 14, 78, -124, 46, 24, -98, 96, -30, 14, 104, -126, -10, 96, -126, 64, 82, -126, -92, 96, -26, -6, -70, 102, 64, 6, 0, 62, 48, -78, 126, 126, -78, -56, 70, 126, 112, 64, -64, -64]
[-62, -78, -88, -62, -102, -102, -40, -96, -48, -30, -50, -30, -56, -50, -78, -78, -62, -78, -62, -56, -62, -78, -62, -50, -30, -96, -112, -110, -76, -60, -62, -30, -62, -78, -30, -56, -56, -126, -48, -78, -86, -92, -62, -112, -54, -78, -112, -38, -48, -96, -46, -62, -46, -56, -86, -62, -48, -92, -62, -96, -24, -62, -96, -96]
[-114, -126, -12, 0, -24, -18, -92, -6, -96, -88, -96, -78, -106, -96, -126, 0, -112, 0, -106, -112, 0, -2, -124, -96, -88, -14, -34, -30, -2, 0, -122, -78, -112, 0, -80, -98, -108, -48, -96, 0, -12, -2, 0, -48, -104, -2, -30, -78, -100, -16, -96, 0, -96, -112, -12, -112, -102, -14, -112, -30, -82, -120, -18, -28]
[-56, -56, -70, -64, -96, -78, -24, -66, -30, -14, -44, -126, -30, -34, -70, -64, -56, -66, 0, -48, -64, -64, -44, -30, -30, -64, -96, -92, -70, -56, -60, -14, -30, -64, -14, -28, -38, -104, -30, -64, -78, -64, -64, -102, -34, -64, -88, -30, -30, -96, -30, -64, -24, -30, -70, -48, -30, -78, -48, -78, -126, -30, -70, -96]
[-24, -30, -40, -30, -60, -48, -124, -30, -126, -112, -8, -96, -126, -126, -38, -30, -24, -30, -126, -14, -28, -30, -14, -124, -120, -38, -62, -60, -30, -18, -28, -112, -126, -30, -102, -126, -126, -62, -126, -30, -34, -30, -28, -62, -126, -28, -56, -126, -126, -50, -124, -30, -124, -126, -38, -14, -126, -30, -14, -48, -110, -126, -38, -60]
[-118, -124, -126, -120, -22, -16, -88, -126, -96, -78, -104, -70, -96, -102, -126, -126, -118, -126, -96, -112, -124, -126, -108, -96, -94, -122, -30, -30, -122, -116, -120, -92, -96, -126, -78, -96, -96, -30, -98, -120, -6, -124, -120, -30, -98, -126, -24, -82, -96, -14, -90, -126, -86, -96, -126, -110, -98, -124, -112, -26, -72, -114, -124, -26]
[-112, -114, -126, -126, -14, -126, -82, -126, -92, -70, -98, -64, -96, -96, -126, -120, -112, -124, -92, -102, -114, -124, -104, -96, -80, -126, -18, -18, -122, -112, -112, -78, -92, -112, -72, -96, -96, -30, -96, -120, -126, -120, -116, -24, -96, -122, -16, -78, -92, -126, -86, -124, -78, -96, -126, -98, -96, -126, -108, -126, -72, -112, -126, -14]
[-124, -126, -126, -126, -24, -24, -92, -126, -98, -78, -112, -78, -102, -110, -126, -126, -120, 0, -96, -112, -122, -126, -112, -96, -96, -126, -28, -30, -126, -114, -126, -96, -102, -126, -82, -98, -102, -30, -104, -126, -6, -126, 0, -38, -108, -126, -30, -96, -102, -14, -96, -126, -96, -102, -8, -112, -104, -126, -118, -14, -88, -112, -126, -24]
[-120, -120, -126, -126, -28, -20, -92, -126, -96, -78, -110, -66, -102, -98, -126, -126, -120, -126, -96, -112, -122, -126, -112, -96, -96, -126, -30, -28, -126, -112, -124, -96, -102, -126, -82, -98, -102, -38, -102, -124, -6, -126, -2, -32, -108, -126, -22, -96, -100, -14, -96, -126, -90, -102, -14, -112, -98, -126, -114, -14, -78, -120, -126, -24]
