[  59    7  -37  -81  131  -33 -181  129    7  -59   45   79  -27  -77
   19  -21  -31   91  -87   -3    5   77  179  -87  -61   27    1   75
  107  -95   29   91   79   47   57   41   77   99    5  -99  -35   83
 -115   79    5  -71   33   27  -19  -51  123 -167  -75   19  115   35
   23   27   17  -15   -7 -103   47  -33]
[ -13  115  -43  -57   13  -99   49  -45   53  -55  -33   43   39   15
  -11  -21  203  -35   -5  -31   -9  -65    1   81   85  141  -77    7
  121  -61  -83   13   11  -19  -97  -35   53   39  -63   53    7  125
  -11  -93   55   69   31   95  -47  -53   49   53  135   -1  127  -73
   69   -9   35 -117 -169    7   55   29]
[ -26   -4  122  -14   64  104  -24   62   54 -128  -20  -40   10   48
  -80  126    2    8  -36   60   34  -16  -80  -30   62   20  100  -56
   90   18   80  -54   24   16  -54   30  120 -126   44   16    6   18
   28   22  -16   10   46   24 -110 -148   12  -52   64  -46   16    6
  -50  154  -24   48   54   84  -64   10]
[  47  -47  113   21  -29  -71   17  -15  -39   47  -77  -67  -51    7
  -63  -19   67 -125    7   57    7   35   67  111   47  -23  -33    5
  -25  117  -43   41  -93   49   15    7  -61   27   87   25   13  -95
    7    3  117  -25  -51  -67  -63  -19   51  -29  -45   19  -31   57
  123  -31  -15  -33   89   17   27  -57]
[  67   39   49    1   -3   13  -99  -27   41   67  -47   93 -177   35
   99   -5 -103   67   -7    7  -59  -21  -41   83  -13  125  -43 -115
    7   31   47   17   27 -119   21 -153   37   51 -119   13  123    5
   69   83   83   11  -39   47  -51  -23    3  -33   71   63   59   55
  -29   25   -5   65    1   65   91  -51]
[  84  -12  -94   56  -58   -8   18  -54 -150   52    6   48  -70    6
  146   -6   32  -16   14   32  -16  142    0   50    0  140  -14   20
  -38   88  -44  -48   10   68  106  -74  102 -124   56 -138  -78   54
  -64   10   72  -34  -44  112   34   92  126   22   60  -74  138  -32
  -98    2   38   70  -12   96   14    2]
[  44   92  136 -132  -10  120  -80  -82   18   56   42  -68    8  -86
  -80   -8  -26   44  -22    8  -30 -180    6  -62   96   84  -96   44
  -14   60   58  -60   54  -16 -114  -68  -56    4  -44   14   84   42
   10  -76  -78  -58    8  184   58   16  -52   54  -40 -192   68    8
   28   30 -108    6   50  -40   26   74]
[ -24  104   68   36   18  -54   52  -38  -98  -76   44  -32  -14  -80
   12    2   48   86   56  -36   44 -126  -30   78    2   42  -28   10
  -30   40 -112  212   30   74  -76   54  -56  -24   98  -10  -40   54
   40   46 -110  -14   58  120   10   92  -86   48    4   32  -86  -66
 -108  -38   -6  -82   50   68   40  -28]
[-117  -25   75  -47  -75 -131   -3  -29   57  -79  -61  -45  -47  -35
  -67  125  -11  117 -147  -55    9   -3 -155  -75  -29   91   -5  -21
   69  -33  -95   93  -11  -17  -43   77  101   99  -65   -1    9  103
  -37  -53   53  -55  101  129  -83   99   71 -151   23   25 -131  119
   21  127   27   71  157  -75   57  -71]
[-118   66   36   -2  -30 -180   20  -64  -94   40  -80   58  -36  136
 -106    4  120  108  -14  -82    2   78 -132  126   72  -70  -52   12
  -44  -52   48   22   44   32  122   38   34   58   34   28   56  -16
  -10  -78    0  -10  -78  -92   -8   36 -110 -116  160   -2   30  -58
   66   20   66   56  -24    6   42  168]
[ -91  -25 -155  -11  -23  -77   17  -23  -53   21  -31   -7   11   57
  -39  -77  -31   49  -67   29  -53   31  -49   51   31   55 -141  -31
   45   -3  -53   79    7  -65   57   41   85   15   55  -43  -25    9
   11  -37   51   -7  -49   67   23  -47  137 -103    9  101   33   49
  -19   51  -15  -37  -17   83   19   39]
[  58  128  142 -148   16  -56    8    2  -28   62  -74  -98   94  116
  -46   -8  152  -36   98    8   -8  -30   24  -90  -48  -90   36   54
  -58  -26  -18  136   48 -148   72  -34    2  112   64  -30  -32   44
  -82    2   40   80   58 -128  -66  -98  -54  104  190   -8    4  -14
  -84  -50   50   54   32   12  -60   34]
[  63    1   -3  -37   77   51  -51   41   47  -13  -59  117   -7    3
   35  -29  -59   59    1  -37    1  -17   77  -23 -105  151   13   67
 -103  -73   81    1   81  -31   31 -133    7  105 -111  -53  -27   -9
  -59   27  105 -119  -77  -61   25  109  -13   73  113  -93  133  -13
  -37  -15   -3   93  -67   73   13   21]
[  28    2  -86   20   62   72    6   82  -50  -52   -8  146   92  -60
   36   66    6  -74   30   82   24   44   14   -8    0   82 -120    0
   82  -80   18  -90  -64   88   18   52  -74  -80  -80  -60  -18  146
  -10  -82  -38   26 -100  -42   -8  -58   16  -32  -30 -240    8  -12
    8    4   24  -32  -16   50  -34   44]
[ 143   -3  -57  -35  -31  121   13  -51 -115  -85  -49   71   71   93
   65  -37  -41 -149  -53   -1    5  -75   19   43  -43 -169  139 -107
   79   39  -41   29  -61   55   35  -45  111  -61 -191   -5  -77  -57
 -129   -5  -49 -131  109  131   13   71  -41    1   59  153  133  145
    7  -25   65   39  -37    5   47   29]
[ -81   27  -25   31   59   23  -63  139  -97   55  -29    5   59    1
    7   13    7   -3  -11  -69  -57   39   -3    7 -117   -7  -89   63
  -51   11   -9    3  107   17  -21   -5   93   -3   13  -25  -79   83
   69   47  -63  -71  -27  -75  -37  -15   69   35   -9  -23    3   67
  -39  -33  -21  101   49    1  -31   75]
[   9   29   55  -35   -1   87  -79   57    3   21  -65 -133 -115   -7
   19   35  125  -65  -51   87   63  -39   89   19   43   61   -5    5
  -21   35   55   67  -31   83  -29   93 -213  121  -43   39   27   63
  -49   51 -117   31 -137  -23  -23   71   13   31   21   19  -95  -35
  103   17 -109   19   87  -41  -13   11]
[  -7  -73   57   83  -77    3   57  127  -37   61   59 -165   15  -43
   33  -81  179   -9   61  -97   21   67  -11   69 -129  -95   59   -7
   37  -53  163  111  -89   -3  -53   57  -15   83   -9   51    7  109
  135  -33   55  -29   39  -93  -33   77   13   -5   -7   67  -15  -91
  -21  -55  -11    5  -71  -45   77   15]
[  92  -46  -22   20  -34  -56   38 -134    6   -4    8   52   24  -28
  -44  -38  -64   40  -26  -42  182 -102  -38  184   62  -12   60  -56
  -40    4   50   74   52   18  -48  -82   20  -22  -68   26    4  -18
   50  -68   74   12   -2   24  -18  192  -28   68  -22  154  -52  -50
  -52  -10   90    0  -78   64  -44  164]
[-372 -372 -372 -372 -372 -372 -372 -372 -372 -372 -372 -372 -372 -372
 -372 -372 -372 -372 -372 -372 -372 -372 -372 -372 -372 -372 -372 -372
 -372 -372 -372 -372 -372 -372 -372 -372 -372 -372 -372 -372 -372 -372
 -372 -372 -372 -372 -372 -372 -372 -372 -372 -372 -372 -372 -372 -372
 -372 -372 -372 -372 -372 -372 -372 -372]
[-332 -332 -332 -332 -332 -332 -332 -332 -332 -332 -332 -332 -332 -332
 -332 -332 -332 -332 -332 -332 -332 -332 -332 -332 -332 -332 -332 -332
 -332 -332 -332 -332 -332 -332 -332 -332 -332 -332 -332 -332 -332 -332
 -332 -332 -332 -332 -332 -332 -332 -332 -332 -332 -332 -332 -332 -332
 -332 -332 -332 -332 -332 -332 -332 -332]
[-268 -268 -268 -268 -268 -268 -268 -268 -268 -268 -268 -268 -268 -268
 -268 -268 -268 -268 -268 -268 -268 -268 -268 -268 -268 -268 -268 -268
 -268 -268 -268 -268 -268 -268 -268 -268 -268 -268 -268 -268 -268 -268
 -268 -268 -268 -268 -268 -268 -268 -268 -268 -268 -268 -268 -268 -268
 -268 -268 -268 -268 -268 -268 -268 -268]
[-275 -275 -275 -275 -275 -275 -275 -275 -275 -275 -275 -275 -275 -275
 -275 -275 -275 -275 -275 -275 -275 -275 -275 -275 -275 -275 -275 -275
 -275 -275 -275 -275 -275 -275 -275 -275 -275 -275 -275 -275 -275 -275
 -275 -275 -275 -275 -275 -275 -275 -275 -275 -275 -275 -275 -275 -275
 -275 -275 -275 -275 -275 -275 -275 -275]
[-239 -239 -239 -239 -239 -239 -239 -239 -239 -239 -239 -239 -239 -239
 -239 -239 -239 -239 -239 -239 -239 -239 -239 -239 -239 -239 -239 -239
 -239 -239 -239 -239 -239 -239 -239 -239 -239 -239 -239 -239 -239 -239
 -239 -239 -239 -239 -239 -239 -239 -239 -239 -239 -239 -239 -239 -239
 -239 -239 -239 -239 -239 -239 -239 -239]
[-230 -230 -230 -230 -230 -230 -230 -230 -230 -230 -230 -230 -230 -230
 -230 -230 -230 -230 -230 -230 -230 -230 -230 -230 -230 -230 -230 -230
 -230 -230 -230 -230 -230 -230 -230 -230 -230 -230 -230 -230 -230 -230
 -230 -230 -230 -230 -230 -230 -230 -230 -230 -230 -230 -230 -230 -230
 -230 -230 -230 -230 -230 -230 -230 -230]
[-160 -160 -160 -160 -160 -160 -160 -160 -160 -160 -160 -160 -160 -160
 -160 -160 -160 -160 -160 -160 -160 -160 -160 -160 -160 -160 -160 -160
 -160 -160 -160 -160 -160 -160 -160 -160 -160 -160 -160 -160 -160 -160
 -160 -160 -160 -160 -160 -160 -160 -160 -160 -160 -160 -160 -160 -160
 -160 -160 -160 -160 -160 -160 -160 -160]
[-175 -175 -175 -175 -175 -175 -175 -175 -175 -175 -175 -175 -175 -175
 -175 -175 -175 -175 -175 -175 -175 -175 -175 -175 -175 -175 -175 -175
 -175 -175 -175 -175 -175 -175 -175 -175 -175 -175 -175 -175 -175 -175
 -175 -175 -175 -175 -175 -175 -175 -175 -175 -175 -175 -175 -175 -175
 -175 -175 -175 -175 -175 -175 -175 -175]
[-129 -129 -129 -129 -129 -129 -129 -129 -129 -129 -129 -129 -129 -129
 -129 -129 -129 -129 -129 -129 -129 -129 -129 -129 -129 -129 -129 -129
 -129 -129 -129 -129 -129 -129 -129 -129 -129 -129 -129 -129 -129 -129
 -129 -129 -129 -129 -129 -129 -129 -129 -129 -129 -129 -129 -129 -129
 -129 -129 -129 -129 -129 -129 -129 -129]
[-141 -141 -141 -141 -141 -141 -141 -141 -141 -141 -141 -141 -141 -141
 -141 -141 -141 -141 -141 -141 -141 -141 -141 -141 -141 -141 -141 -141
 -141 -141 -141 -141 -141 -141 -141 -141 -141 -141 -141 -141 -141 -141
 -141 -141 -141 -141 -141 -141 -141 -141 -141 -141 -141 -141 -141 -141
 -141 -141 -141 -141 -141 -141 -141 -141]
[-114 -114 -114 -114 -114 -114 -114 -114 -114 -114 -114 -114 -114 -114
 -114 -114 -114 -114 -114 -114 -114 -114 -114 -114 -114 -114 -114 -114
 -114 -114 -114 -114 -114 -114 -114 -114 -114 -114 -114 -114 -114 -114
 -114 -114 -114 -114 -114 -114 -114 -114 -114 -114 -114 -114 -114 -114
 -114 -114 -114 -114 -114 -114 -114 -114]
[-98 -98 -98 -98 -98 -98 -98 -98 -98 -98 -98 -98 -98 -98 -98 -98 -98 -98
 -98 -98 -98 -98 -98 -98 -98 -98 -98 -98 -98 -98 -98 -98 -98 -98 -98 -98
 -98 -98 -98 -98 -98 -98 -98 -98 -98 -98 -98 -98 -98 -98 -98 -98 -98 -98
 -98 -98 -98 -98 -98 -98 -98 -98 -98 -98]
[-127 -127 -127 -127 -127 -127 -127 -127 -127 -127 -127 -127 -127 -127
 -127 -127 -127 -127 -127 -127 -127 -127 -127 -127 -127 -127 -127 -127
 -127 -127 -127 -127 -127 -127 -127 -127 -127 -127 -127 -127 -127 -127
 -127 -127 -127 -127 -127 -127 -127 -127 -127 -127 -127 -127 -127 -127
 -127 -127 -127 -127 -127 -127 -127 -127]
[-100 -100 -100 -100 -100 -100 -100 -100 -100 -100 -100 -100 -100 -100
 -100 -100 -100 -100 -100 -100 -100 -100 -100 -100 -100 -100 -100 -100
 -100 -100 -100 -100 -100 -100 -100 -100 -100 -100 -100 -100 -100 -100
 -100 -100 -100 -100 -100 -100 -100 -100 -100 -100 -100 -100 -100 -100
 -100 -100 -100 -100 -100 -100 -100 -100]
[-137 -137 -137 -137 -137 -137 -137 -137 -137 -137 -137 -137 -137 -137
 -137 -137 -137 -137 -137 -137 -137 -137 -137 -137 -137 -137 -137 -137
 -137 -137 -137 -137 -137 -137 -137 -137 -137 -137 -137 -137 -137 -137
 -137 -137 -137 -137 -137 -137 -137 -137 -137 -137 -137 -137 -137 -137
 -137 -137 -137 -137 -137 -137 -137 -137]
[-139 -139 -139 -139 -139 -139 -139 -139 -139 -139 -139 -139 -139 -139
 -139 -139 -139 -139 -139 -139 -139 -139 -139 -139 -139 -139 -139 -139
 -139 -139 -139 -139 -139 -139 -139 -139 -139 -139 -139 -139 -139 -139
 -139 -139 -139 -139 -139 -139 -139 -139 -139 -139 -139 -139 -139 -139
 -139 -139 -139 -139 -139 -139 -139 -139]
[-136 -136 -136 -136 -136 -136 -136 -136 -136 -136 -136 -136 -136 -136
 -136 -136 -136 -136 -136 -136 -136 -136 -136 -136 -136 -136 -136 -136
 -136 -136 -136 -136 -136 -136 -136 -136 -136 -136 -136 -136 -136 -136
 -136 -136 -136 -136 -136 -136 -136 -136 -136 -136 -136 -136 -136 -136
 -136 -136 -136 -136 -136 -136 -136 -136]
[-154 -154 -154 -154 -154 -154 -154 -154 -154 -154 -154 -154 -154 -154
 -154 -154 -154 -154 -154 -154 -154 -154 -154 -154 -154 -154 -154 -154
 -154 -154 -154 -154 -154 -154 -154 -154 -154 -154 -154 -154 -154 -154
 -154 -154 -154 -154 -154 -154 -154 -154 -154 -154 -154 -154 -154 -154
 -154 -154 -154 -154 -154 -154 -154 -154]
[-147 -147 -147 -147 -147 -147 -147 -147 -147 -147 -147 -147 -147 -147
 -147 -147 -147 -147 -147 -147 -147 -147 -147 -147 -147 -147 -147 -147
 -147 -147 -147 -147 -147 -147 -147 -147 -147 -147 -147 -147 -147 -147
 -147 -147 -147 -147 -147 -147 -147 -147 -147 -147 -147 -147 -147 -147
 -147 -147 -147 -147 -147 -147 -147 -147]
[-137 -137 -137 -137 -137 -137 -137 -137 -137 -137 -137 -137 -137 -137
 -137 -137 -137 -137 -137 -137 -137 -137 -137 -137 -137 -137 -137 -137
 -137 -137 -137 -137 -137 -137 -137 -137 -137 -137 -137 -137 -137 -137
 -137 -137 -137 -137 -137 -137 -137 -137 -137 -137 -137 -137 -137 -137
 -137 -137 -137 -137 -137 -137 -137 -137]
[-135 -135 -135 -135 -135 -135 -135 -135 -135 -135 -135 -135 -135 -135
 -135 -135 -135 -135 -135 -135 -135 -135 -135 -135 -135 -135 -135 -135
 -135 -135 -135 -135 -135 -135 -135 -135 -135 -135 -135 -135 -135 -135
 -135 -135 -135 -135 -135 -135 -135 -135 -135 -135 -135 -135 -135 -135
 -135 -135 -135 -135 -135 -135 -135 -135]
[-129 -129 -129 -129 -129 -129 -129 -129 -129 -129 -129 -129 -129 -129
 -129 -129 -129 -129 -129 -129 -129 -129 -129 -129 -129 -129 -129 -129
 -129 -129 -129 -129 -129 -129 -129 -129 -129 -129 -129 -129 -129 -129
 -129 -129 -129 -129 -129 -129 -129 -129 -129 -129 -129 -129 -129 -129
 -129 -129 -129 -129 -129 -129 -129 -129]
[-167  109   53  -65   -9 -143  113  -49 -133  -19   -7   99   51   55
  -79   59   49   -1 -133   99  -11  -63 -129   61   85   85  -17 -115
   19  135   65    3  -13   -1  -23  133  109   63  -65   97   19   49
  -21  159   43  -49   11    3  223  -95   -7   49 -117  -49  -59    5
  -67   49    5   -7   17   79   37   25]
[  68   26   -6  -48   58  -14  -46   52   10   -2  128  -28   22  -60
  -36   84 -130   58  -34  -44   44  140  -22   -2   70  -30   38   44
  -16   68   60  -94   -8   40 -132  -56  -52  -24  110  -34   58  -20
   62   48   40  -48   82  102   82   -8   46 -184  -26  -88   -6   36
    0   16  -34   60 -100  162  -64  -14]
[  86   92   40   24   20  -16  -74   18  -62   20  -80  -12  134   -4
  -66   40  -22  -68   72  -62   22   16  -56  -60   58  -16  -80  -58
   36 -108   38   -8   50   56  -12   24   28   20  -14   22   24   80
  -14   52  -56  -70   28   90  -38   38   -6  -24  -48   16   56   52
   68  -18   28   62 -162   84   14  112]
[ 107   15  -79   33   17   75   19    9   37  105  -79 -153   11   25
   27    9  239  -11   45  171   -3  -87  125   17  -17   27   91   33
  -29   35  -13   -3   39 -101 -115   51 -107   -7  -25  -95  -25  -47
    5   11   39  -43    3   -7  -21   -9  -71  -19   77    5   15  -81
  -13   -1   11   37  -17  141   47  -49]
[   8   22   14  -58 -108   22   86   80  -24   24  -60   56  -24 -130
   50   38    0   62   10  104   48   46   20  -98  -44   72    2   76
   86   26   90  -54  -52   50  -18   28  -76   38   26    6  -28  -10
   16   54  -20   -8   22   40   44  -58  -16   46  -26  -96   46   26
   68  -66  -82  -18    8 -116 -128   68]
[ 169  -81   33   31  113  -39  -63  -25  -19   99  -55  -55  -67  -31
  -33   33  -13  -17  -33 -145   -5   65   35   25  -35  -57  -39   -7
   67  139   23    7  -33 -107   35  163   23  -77   55  129  167 -123
   89   61   27   97   53  -45  113  -81  -87  -69  -43 -159  -75  -49
   19  -15   47  -47  -29   71   57  107]
[ -18  -16   -6   40   12   82   12 -108  100   76   38  -88  -12   12
  114   -6    8   70  -14   14  -54  122 -102   88  -10   44    8  -94
    6   98 -158   10   -8  -60  -20 -128   80  108  102 -118  -48  -20
  150  -86  -46  -34  -34  -52    4  -12   20  136  -30  -52   18  -16
   58    8   64  -32   48   34   78   10]
[  26    6  -28  144  -34 -152  -96  110  164  176   10   72   24  -22
  -14  -92  -26  -20  -56  -78   50  -10  -74  -82  -34   42  156 -144
 -200  -10   58  154   28  -72  -68  -44  -58   36   18   62  -42  136
 -100  -70  -16  -92  106   -6   50  -18  -58  158  -10  -58  -16   52
   -8   38  -76   54  -82   10   16   32]
[ -42   40   10  -20   32  -60  -40  120  -66    2   24   34  128  -92
  -82   -2   38  -54  -92   82   16  -68   22   20 -136   92   44  -28
  -12  -38   38   40   78   38  -10   46  -22   78  -82    4  -28  -76
   48  -22  -40  -48   68   -8  -20  -60   58  -16 -122  112  -52  -66
  -10 -106  124   14  -66  -76 -210  -60]
[-507 -507 -507 -507 -507 -507 -507 -507 -507 -507 -507 -507 -507 -507
 -507 -507 -507 -507 -507 -507 -507 -507 -507 -507 -507 -507 -507 -507
 -507 -507 -507 -507 -507 -507 -507 -507 -507 -507 -507 -507 -507 -507
 -507 -507 -507 -507 -507 -507 -507 -507 -507 -507 -507 -507 -507 -507
 -507 -507 -507 -507 -507 -507 -507 -507]
[-446 -446 -446 -446 -446 -446 -446 -446 -446 -446 -446 -446 -446 -446
 -446 -446 -446 -446 -446 -446 -446 -446 -446 -446 -446 -446 -446 -446
 -446 -446 -446 -446 -446 -446 -446 -446 -446 -446 -446 -446 -446 -446
 -446 -446 -446 -446 -446 -446 -446 -446 -446 -446 -446 -446 -446 -446
 -446 -446 -446 -446 -446 -446 -446 -446]
[-181 -181 -181 -181 -181 -181 -181 -181 -181 -181 -181 -181 -181 -181
 -181 -181 -181 -181 -181 -181 -181 -181 -181 -181 -181 -181 -181 -181
 -181 -181 -181 -181 -181 -181 -181 -181 -181 -181 -181 -181 -181 -181
 -181 -181 -181 -181 -181 -181 -181 -181 -181 -181 -181 -181 -181 -181
 -181 -181 -181 -181 -181 -181 -181 -181]
[-261 -261 -261 -261 -261 -261 -261 -261 -261 -261 -261 -261 -261 -261
 -261 -261 -261 -261 -261 -261 -261 -261 -261 -261 -261 -261 -261 -261
 -261 -261 -261 -261 -261 -261 -261 -261 -261 -261 -261 -261 -261 -261
 -261 -261 -261 -261 -261 -261 -261 -261 -261 -261 -261 -261 -261 -261
 -261 -261 -261 -261 -261 -261 -261 -261]
[-238 -238 -238 -238 -238 -238 -238 -238 -238 -238 -238 -238 -238 -238
 -238 -238 -238 -238 -238 -238 -238 -238 -238 -238 -238 -238 -238 -238
 -238 -238 -238 -238 -238 -238 -238 -238 -238 -238 -238 -238 -238 -238
 -238 -238 -238 -238 -238 -238 -238 -238 -238 -238 -238 -238 -238 -238
 -238 -238 -238 -238 -238 -238 -238 -238]
[-237 -237 -237 -237 -237 -237 -237 -237 -237 -237 -237 -237 -237 -237
 -237 -237 -237 -237 -237 -237 -237 -237 -237 -237 -237 -237 -237 -237
 -237 -237 -237 -237 -237 -237 -237 -237 -237 -237 -237 -237 -237 -237
 -237 -237 -237 -237 -237 -237 -237 -237 -237 -237 -237 -237 -237 -237
 -237 -237 -237 -237 -237 -237 -237 -237]
[-238 -238 -238 -238 -238 -238 -238 -238 -238 -238 -238 -238 -238 -238
 -238 -238 -238 -238 -238 -238 -238 -238 -238 -238 -238 -238 -238 -238
 -238 -238 -238 -238 -238 -238 -238 -238 -238 -238 -238 -238 -238 -238
 -238 -238 -238 -238 -238 -238 -238 -238 -238 -238 -238 -238 -238 -238
 -238 -238 -238 -238 -238 -238 -238 -238]
[-235 -235 -235 -235 -235 -235 -235 -235 -235 -235 -235 -235 -235 -235
 -235 -235 -235 -235 -235 -235 -235 -235 -235 -235 -235 -235 -235 -235
 -235 -235 -235 -235 -235 -235 -235 -235 -235 -235 -235 -235 -235 -235
 -235 -235 -235 -235 -235 -235 -235 -235 -235 -235 -235 -235 -235 -235
 -235 -235 -235 -235 -235 -235 -235 -235]
[-270 -270 -270 -270 -270 -270 -270 -270 -270 -270 -270 -270 -270 -270
 -270 -270 -270 -270 -270 -270 -270 -270 -270 -270 -270 -270 -270 -270
 -270 -270 -270 -270 -270 -270 -270 -270 -270 -270 -270 -270 -270 -270
 -270 -270 -270 -270 -270 -270 -270 -270 -270 -270 -270 -270 -270 -270
 -270 -270 -270 -270 -270 -270 -270 -270]
[-258 -258 -258 -258 -258 -258 -258 -258 -258 -258 -258 -258 -258 -258
 -258 -258 -258 -258 -258 -258 -258 -258 -258 -258 -258 -258 -258 -258
 -258 -258 -258 -258 -258 -258 -258 -258 -258 -258 -258 -258 -258 -258
 -258 -258 -258 -258 -258 -258 -258 -258 -258 -258 -258 -258 -258 -258
 -258 -258 -258 -258 -258 -258 -258 -258]
[-250 -250 -250 -250 -250 -250 -250 -250 -250 -250 -250 -250 -250 -250
 -250 -250 -250 -250 -250 -250 -250 -250 -250 -250 -250 -250 -250 -250
 -250 -250 -250 -250 -250 -250 -250 -250 -250 -250 -250 -250 -250 -250
 -250 -250 -250 -250 -250 -250 -250 -250 -250 -250 -250 -250 -250 -250
 -250 -250 -250 -250 -250 -250 -250 -250]
[-280 -280 -280 -280 -280 -280 -280 -280 -280 -280 -280 -280 -280 -280
 -280 -280 -280 -280 -280 -280 -280 -280 -280 -280 -280 -280 -280 -280
 -280 -280 -280 -280 -280 -280 -280 -280 -280 -280 -280 -280 -280 -280
 -280 -280 -280 -280 -280 -280 -280 -280 -280 -280 -280 -280 -280 -280
 -280 -280 -280 -280 -280 -280 -280 -280]
[-236 -236 -236 -236 -236 -236 -236 -236 -236 -236 -236 -236 -236 -236
 -236 -236 -236 -236 -236 -236 -236 -236 -236 -236 -236 -236 -236 -236
 -236 -236 -236 -236 -236 -236 -236 -236 -236 -236 -236 -236 -236 -236
 -236 -236 -236 -236 -236 -236 -236 -236 -236 -236 -236 -236 -236 -236
 -236 -236 -236 -236 -236 -236 -236 -236]
[-233 -233 -233 -233 -233 -233 -233 -233 -233 -233 -233 -233 -233 -233
 -233 -233 -233 -233 -233 -233 -233 -233 -233 -233 -233 -233 -233 -233
 -233 -233 -233 -233 -233 -233 -233 -233 -233 -233 -233 -233 -233 -233
 -233 -233 -233 -233 -233 -233 -233 -233 -233 -233 -233 -233 -233 -233
 -233 -233 -233 -233 -233 -233 -233 -233]
